# name: debug
# type: sparse matrix
# nnz: 36
# rows: 6
# columns: 6

1 1 3306513.329761306
2 1 -9776344.724900201
3 1 -809822.696157062
4 1 -205023.686308619
5 1 -60767.272625020
6 1 31148.356938519
1 2 -9776344.724901035
2 2 36793690.863552526
3 2 3097419.307078470
4 2 784313.263361712
5 2 211063.041449619
6 2 -47355.217364727
1 3 -809822.696157087
2 3 3097419.307078463
3 3 5987544.795271284
4 3 57034.540563102
5 3 16121.971149154
6 3 -6039.355140991
1 4 -205023.686308630
2 4 784313.263361705
3 4 57034.540563099
4 4 17367.149443324
5 4 4707.799230377
6 4 -1163.348532613
1 5 -60767.272625012
2 5 211063.041449603
3 5 16121.971149155
4 5 4707.799230376
5 5 1505.089539954
6 5 -1083.420044828
1 6 31148.356938540
2 6 -47355.217364718
3 6 -6039.355140986
4 6 -1163.348532613
5 6 -1083.420044828
6 6 2654.882447260
